
size(800,800);
noStroke();
background(71,220,226);
fill(60,147,25);
rect(0,460,800,600);

line(0,460,800,460);


//sun w sun rays
strokeWeight(6);
fill(254,236,74);
stroke(254,236,74);
rect(20,12,75,75,5);
line(50,100,100,150);
line(93,100,143,150);
line(120,80,195,150);
line(130,40,230,120);
strokeWeight(1);
stroke(0,0,0);
//frontsides
fill(145,145,145);
quad(501,320,501,619,650,500,650,250);
rect(260,320,241,300);
quad(260,340,260,621,320,621,320,320);

//roof
fill(182,140,82);
triangle(200,340,470,70,500,340);//first roof
fill(151,122,80);
triangle(500,340,470,70,720,275);//second roof

//wood blocks
fill(94,73,44);
quad(260,340,260,620,320,620,320,340);
quad(500,340,500,620,440,620,440,340);
quad(500,340,500,620,535,593,535,330);
quad(620,304,652,295,652,500,620,524);

//door
fill(145,117,76);
rect(350,500,60,120);
fill(73,53,26);
rect(360,510,15,15);
rect(385,510,15,15);
rect(360,533,15,15);
rect(385,533,15,15);
fill(64,49,28);
rect(360,560,15,7);

//wood side and glass
quad(535,430,535,483,620,445,620,400);
fill(255,255,255);
quad(570,418,570,468,600,455,600,407);
